10245
523
23578
546
3213
23432
23580
65464
2311
97897
23432
5756
3453
23580
23432
97897
2311
97897
23432
5756
3453
10248
115
2132
23432
23580
65464
546
3213
23432
23580
65464
2311
97897
23432
45645
5756
3453
8678
2343
76573
3213
5756
3453
8678
2343
76573
3213
5467
23
10278
425
1028
45645
56786
87688
45645
2345
2345
23432
45786
76573
45788
10248
21332
3453
23580
23432
10278
425
1028
45645
56786
97897
10248
23432
23580
65464
3453
12333
8678
2343
45645
5756
3453
8678
2343
76573
3213
5467
23
10278
425
1028
45645
2311
97897
115
2132
23432
2345
87978
550
23432
23580
65464
3453
978
46088
76573
3213
5467
23
23588
23432
76577
34543
94353
5467
23
10278
97897
115
2132
23432
2345
87978
550
978
46088
23588
23432
425
1028
45645
115
2132
23432
2345
87978
550
87688
45645
2345
2345
23432978
46088
23588
23432
425
