-0.161435 1.26426
-0.89148 8.72747
1.04595 21.1805
-0.49269 28.3932
0.335653 39.8838
1.64278 50.5689
0.491928 59.0908
-1.03851 70.1939
9.61301 0.299896
10.7097 12.3323
11.902 21.0287
11.0517 29.2561
10.2896 40.01
10.2526 49.2341
10.6538 60.0534
9.88139 70.2664
22.0801 0.734871
21.0949 9.88579
19.4955 21.0017
20.6662 30.4223
19.8891 39.2506
20.7528 49.6646
20.1614 59.5669
18.4457 70.2411
29.1969 1.61062
29.3091 9.70314
27.9551 18.8501
31.0977 29.6139
29.6885 39.8783
29.589 48.9871
27.3164 59.8506
29.5501 70.0763
39.3131 0.839777
39.1621 9.83049
40.2755 19.5004
40.0419 30.6087
40.3566 39.3688
41.849 50.6677
41.6722 61.0432
40.0951 68.3125
49.1003 -2.0005
50.1355 10.4718
49.0766 20.1728
49.5576 31.3179
48.8614 40.231
51.4624 48.3347
49.9403 60.0316
50.3745 70.9656
59.6461 -0.510822
60.8465 8.87349
60.5415 20.0401
62.7388 31.4756
59.2959 40.5214
60.5376 51.1531
61.4018 59.7252
61.9704 69.6387
71.0221 -1.52605
68.6536 11.6679
69.3256 20.2502
69.3858 31.4842
68.4941 39.3779
68.754 49.3516
69.9438 58.6091
69.1297 69.9141
