42.8 28.1775
64.9 32.1091
38.7 36.5844
33.2 42.4892
27.3 30.6399
38 52.2406
7.9 34.9454
51.8 30.1803
-7.4 47.2833
22.8 42.8413
61.4 21.6072
5.7 40.4956
43 30.3278
23.6 36.7682
61.9 23.9781
37.3 38.2518
44.3 28.2291
41.9 23.3596
5.9 26.9517
7 31.6782
26.1 37.2384
19.3 36.582
2.1 33.0732
-4.1 33.0897
68.8 47.8131
50.9 58.2904
37 43.3542
35.6 45.8276
61.5 54.5814
34.6 39.0911
-3.9 46.9183
79.7 33.1004
58.3 40.8544
-2.4 34.4293
71.7 46.4874
18.1 25.3936
17.6 40.7693
65.6 38.6933
3.7 28.1474
-9.7 37.4625
29 37.5175
58.7 19.4936
-6 34.1337
18.3 37.5077
50.7 24.3056
35.8 29.5159
-2.7 27.0418
70.9 20.4886
63.5 55.7715
47.3 49.5666
28.8 30.2727
27.8 30.2491
18.1 42.0941
43 43.9585
52.6 30.3667
16 32.0925
22.4 49.4549
8 40.7416
29.3 39.008
24.4 50.124
-4.7 36.1576
-0.7 50.4788
5.6 23.0904
38.1 43.8525
62.3 52.2852
9.2 33.3293
19.9 30.5439
58.3 27.5832
78.7 19.2444
37.7 32.9397
19 41.3329
19.9 39.6928
53.7 32.1439
11.8 26.7646
19.4 21.8974
46.1 17.492
57.5 30.5425
-6.1 52.2232
35.1 35.0849
44.3 43.281
14.5 15.6887
67.7 36.0842
-2.8 41.6158
70.4 34.6306
43.3 40.8671
38.8 53.4359
24.4 26.4763
22.2 26.4689
76.8 58.8493
-3.4 36.1377
44.6 53.7593
52.4 27.4134
20.5 33.7106
63.4 27.4327
57.9 29.5876
-2.1 43.4697
17.3 39.1553
43.7 44.8094
20.7 45.4051
60.2 61.7166
71.8 35.6246
13.5 33.4686
11.6 30.8449
-0.4 41.2855
18.8 18.0514
10.1 19.1847
69.4 28.1797
48.1 22.78
-4.7 34.861
73 28.863
41.2 34.7552
-2.4 58.1898
30.1 23.784
9.1 28.5994
7.9 41.0467
-9.7 41.6917
54.5 33.9333
2.4 33.4217
42.5 26.6997
66.8 32.797
16.8 40.3585
51.6 29.3267
32.7 28.1601
62.7 44.2228
31.9 53.4098
33.8 31.732
44.6 48.0823
31.2 26.3739
50.4 28.5727
6.1 37.5569
44.2 46.6314
29.1 44.6399
61.8 40.2334
-1.5 22.2109
7.3 48.6001
32.1 23.6182
45.1 36.4661
-0.8 32.1465
1.9 42.3046
62.1 15.1957
49 47.3379
18.5 46.3182
76.2 37.875
34.7 47.1202
51.8 24.214
28.6 11.4975
47.3 49.7436
-4.4 32.3589
-8.5 33.6776
39.1 7.7882
65.9 28.3809
12.6 31.4999
61.9 48.9949
66.1 35.7301
9.3 37.7832
44.2 42.9596
38 43.893
76.9 28.9483
-5.5 37.7044
20.3 31.1841
3.7 28.1711
15.4 47.2196
19.7 30.3821
-4.7 27.6624
6.3 52.4035
51.3 30.6706
5.2 30.2381
26.6 39.687
0.9 36.5814
49.1 45.2
-9.9 26.9967
7.6 23.9345
30.1 27.6885
41.4 23.4609
30.8 37.8565
49.6 37.3162
75.7 45.2462
11.2 23.1828
40.5 40.1607
28.9 25.9284
66.9 33.0739
17.2 42.6546
48 17.3134
52.5 24.1451
3.4 42.4271
53.9 47.7799
18.9 35.0206
10.7 27.4877
66.8 29.1477
-1.3 13.3359
57.2 -0.993727
71.3 45.2785
10.7 35.2084
12.6 33.6927
31.8 43.875
51.2 28.9408
29.6 53.8632
49.7 18.2175
18.8 28.1801
30 18.5034
13.4 29.4005
30.9 22.794
6.8 33.4896
-6.9 39.6995
76.7 32.014
9 41.2786
6.6 21.0206
0.4 24.216
12.9 29.652
23.1 47.3082
52.1 17.5435
62.5 48.6144
9.9 44.316
74.2 42.1108
62.7 55.581
-6.8 33.1354
67.3 31.1359
66.8 45.5149
48.5 35.5405
1.7 25.8855
6.2 33.8824
71.1 42.6082
-0.1 33.069
63.6 48.3099
30.4 46.0362
42.3 46.9136
51.1 31.6742
44.5 51.1835
26.1 22.7301
-5.8 21.3736
39.5 13.7802
75.4 19.4297
31.2 64.4887
67.1 43.9997
70 35.3264
62 35.4623
6.8 20.6658
4.9 18.0211
-7.2 35.255
31.8 52.2737
66.3 29.2198
18 27.7412
32 30.112
72.9 27.1839
76.6 28.6029
3.6 42.5359
51.2 29.2866
8.3 47.2534
-2.1 23.8734
11.3 42.0595
61.1 38.7715
28.1 28.0906
1.1 27.0643
25.8 22.5808
50.2 52.8084
-5.8 27.8483
75.7 31.8787
60.9 28.9428
43.8 26.9396
48.3 34.5372
0 27.2154
-4.8 38.2868
32 34.2753
26.9 45.3551
60.8 48.651
28.1 50.426
13.7 51.5813
50.1 26.7587
1.5 31.0748
55.1 24.4323
79.1 34.1127
25.4 31.8815
43 37.3531
4.3 30.036
16.3 47.5065
-7.3 36.1189
2.6 43.5391
32.3 49.5302
22.3 21.3118
-8.2 33.7221
64.4 33.1962
24.6 32.5907
48.2 36.22
3.7 48.6618
72.7 20.835
60.5 26.4188
16.5 42.2218
63.1 32.5866
75.2 59.6901
2.2 40.1649
42.1 51.2726
34.2 41.6308
31.8 59.8966
15.4 33.2642
65.5 42.1193
78.3 39.9809
4.1 41.5024
31.5 39.6368
44.3 31.9615
35 14.6845
48.9 44.8803
62.3 31.0483
46.1 47.1649
53.6 43.431
45.9 47.3349
45.1 15.0043
69.6 22.2571
-3.8 31.2155
-3 33.6331
6.3 44.5163
68.8 30.9554
24.6 56.9618
34.1 34.4438
28.7 38.7431
70.9 30.6669
43.2 38.3892
-8.3 42.3256
12.2 28.1411
-8.3 37.1278
30.9 34.4155
68.9 42.3484
54.9 30.483
0.2 48.115
35.9 33.8795
25.8 36.7485
1 45.0786
76.4 35.8279
54.2 29.8758
0.9 42.3114
36.9 50.8765
73.8 23.6579
29.4 50.7168
29.7 42.9655
68.3 35.1892
61.5 42.5964
-4.7 30.6128
52.2 36.8262
0.9 28.5135
52.4 32.761
49.8 41.6641
55.4 37.9766
4.4 27.7613
60.7 29.0874
34.6 42.5461
23 27.9279
16.8 22.8362
55.8 29.931
4.2 37.6007
2.5 27.0265
40.9 54.2074
5.2 28.4647
78.6 32.2693
44.7 30.2793
61.7 55.9181
28.3 28.9886
58.9 27.2562
69 35.3718
73.4 42.503
31.9 29.321
76.1 21.8885
49.2 44.6243
34.2 54.4848
63.5 20.4322
54.9 27.5167
44.8 48.4251
44.5 31.0088
37.4 24.1611
10 18.1923
7.4 31.1082
3.8 24.0925
37.9 35.3244
71.5 39.6233
13.1 33.8325
68.2 35.8252
62.4 60.5198
-6.5 34.5107
21.4 34.4074
32.8 41.3829
15.2 32.8503
19.2 36.6866
-7.2 29.0564
52.8 52.3851
-5.3 48.1419
54.2 28.6474
49.1 22.1908
63.5 16.7746
-0.9 42.4502
64.4 47.4669
35 27.4556
14.3 37.2873
73.2 41.4271
18.9 19.1186
78.7 24.8531
68.4 45.6895
23.6 59.6213
15.1 37.0898
75.3 21.5241
48.2 28.8315
43.2 23.5106
47.4 23.0699
21.9 47.3477
56.4 23.9025
38.2 32.1618
8.6 33.5898
35.7 29.9746
58.8 27.2906
58.7 31.1268
6.4 37.6158
41.4 24.7068
48.8 27.6612
27.1 31.258
12.5 53.4431
33.4 31.5912
-9.9 35.2453
-1.7 42.1692
-7.7 45.5118
60.1 14.3632
8.7 31.2912
10.6 28.6953
18.5 17.0922
54.3 36.2021
71.3 34.7727
49.1 38.7953
54.5 25.4485
24.2 33.8061
22.1 42.9986
9.8 37.8306
72.1 43.4205
64.9 49.2222
13.3 37.9803
32.2 35.2063
47.3 30.6959
31.4 38.5281
36.4 30.6335
24.3 31.3472
29.9 51.3277
38.4 30.5705
70.3 27.0534
48.8 38.7577
5.3 34.7512
10.1 23.8885
54.8 56.6221
38.7 36.2326
7.3 38.0521
34.6 31.1647
44.5 24.3101
-5.4 43.7499
61.5 34.2027
40.4 27.498
43.7 33.5709
13.6 41.8406
22.7 42.993
-9.5 38.9479
57.9 34.3819
35.7 39.3432
58.9 28.0082
54.8 45.7445
62.2 39.3808
57.4 30.7086
73.4 52.9684
54.4 28.6641
-3.6 29.2218
62.1 38.0779
30.3 30.3421
25.9 42.594
-1.1 39.5327
-3.6 38.8338
6 24.4553
29.5 28.261
32.7 35.3713
42.4 44.2787
76.2 31.0809
72.8 26.6638
38.4 47.0686
9.6 34.1312
-1.1 45.1768
57.3 35.7076
-6 54.7779
9.8 37.3714
7.3 21.0812
64.4 41.8327
26 53.5949
77.7 42.7564
23.8 19.6682
-3.3 7.24586
57.5 33.1678
49.6 31.5308
37.8 38.3523
21.7 48.377
-3 44.6489
50.2 47.8308
71.8 44.5958
50.9 58.7746
16.5 32.1959
57.6 14.3075
23.6 42.5145
0.6 42.605
70.5 27.4825
40.3 34.3109
33.5 29.4777
57.4 41.8983
55.6 45.9003
63.3 35.5133
42 28.3637
-0.5 35.6486
58.4 29.5243
55 26.4227
44.4 34.6046
55 29.7422
-7.4 53.466
30.9 32.986
69 46.836
64.6 29.0992
27.7 36.192
-1.5 32.4406
51 43.0089
16.6 23.4919
25.9 35.3823
11.7 43.7797
44.3 27.2678
-5.7 22.1744
45.9 35.2391
64.8 28.5809
2.1 14.9092
28.1 41.0768
39.4 49.1118
11 24.5209
-8.6 32.7778
8.9 37.9456
35.4 34.791
74.6 25.233
70.3 33.327
-6.2 41.6565
68.2 33.0028
56 41.3251
39 36.2708
15.3 43.901
-8.9 27.5864
69.3 20.9598
62.6 15.9439
21.4 45.7057
13.9 43.4148
72.1 17.5788
5.7 21.7972
15.4 28.3262
65.3 50.9771
13.6 49.655
64.8 45.4317
66.5 39.0088
62 46.659
53.7 31.3693
11.6 44.9771
63.2 17.5335
32.7 41.1115
-6.5 39.4008
57.6 49.8242
36.3 27.2248
62.9 39.2065
15.3 24.8202
-4.9 16.7283
15.9 41.8793
-1.1 50.3721
-6.9 44.0336
30.1 36.5515
20.3 43.1638
68.8 30.302
32.6 42.3763
67.2 45.6356
23.4 46.4406
74.7 31.4646
65.7 41.2267
1.5 47.2967
63.7 44.4598
10.6 55.327
55.3 45.6667
74.2 28.0536
19.1 40.0375
46.2 46.6586
70.2 38.5938
38.3 50.8703
59.7 15.8971
47.4 31.3289
31 49.2489
6.5 44.5797
70.8 21.4296
12.4 43.0904
-9.4 30.5438
63.8 27.7881
55.5 32.0973
68.3 26.3638
34.4 25.4288
33.1 34.0836
44.6 37.753
-5.8 34.7351
25.6 37.0203
31.5 41.9824
14.8 37.1416
2.4 53.4583
-1.1 46.2257
10.7 28.0252
38.7 53.9145
57.8 51.5462
0.2 48.2018
30.8 43.6386
55 26.2037
8.9 46.5561
2.9 57.3803
-5.9 39.1107
73 30.7687
39.2 36.9383
70.8 33.8088
2.8 38.5811
55.8 34.4438
6.5 52.1422
47 25.8649
69.9 34.4563
24.4 41.3413
41.2 42.0108
26.7 47.1423
14.8 15.3045
-0.5 34.2462
-0.5 3.39779
5.9 42.4106
36.8 22.9973
49.9 34.7636
35.6 40.2773
74.4 43.0608
38.7 32.1744
75.3 37.0378
62.8 43.4293
45.1 37.62
9.8 32.4126
44.4 35.691
30.4 36.4375
0.8 25.3986
5.7 40.62
72.1 28.2022
13.8 47.9916
74.4 45.2058
56.3 49.1761
52.6 45.1599
4.5 31.824
3.6 43.4161
71.8 46.1005
64.3 28.6052
53.2 35.7301
-1.6 15.2592
-4.3 44.1013
79.5 49.0858
9.5 26.6891
47.7 31.514
56.5 25.9471
71.3 12.1869
49.9 53.2148
61.7 20.9246
75.6 32.5887
24.5 43.7051
-7.9 28.6443
33.9 33.3738
61.3 30.6537
33.2 19.2845
30.5 34.4334
21.9 22.316
72.5 40.7597
24.8 43.6384
63.9 42.1789
64.8 48.4496
56 28.4068
68.4 32.1087
-6.7 20.6467
30.8 30.6634
-2.1 21.0824
51.6 26.2178
42.7 32.4101
-3.7 39.3945
40.5 25.1943
8 35.5784
10.8 32.5379
49.9 30.3776
2 34.4556
16.6 49.4413
5.9 20.2984
12 28.4837
36.9 37.4627
64.1 40.3401
-1.1 42.1767
21.2 24.6693
25.1 28.3518
3.2 62.5868
73.5 51.1248
64.5 44.165
7.2 31.5559
-7.3 32.0122
8.6 30.6059
-9.2 31.5259
13.2 41.1895
59.6 41.0902
-6.2 39.9544
5.2 39.9013
17.9 25.2243
0 35.7783
42 38.5346
56.4 42.5255
-3.4 37.9678
25.6 22.6616
23.2 39.1944
78.6 42.1311
3.3 44.3836
29.8 27.1643
9 41.5344
70.1 28.6766
43.4 24.0954
50.9 37.6805
46.6 35.8463
17.2 23.7246
46 32.1214
-8.8 42.0932
55.4 22.4672
57.5 25.95
4.7 28.8472
22.2 32.7357
37.5 50.0951
-4.6 31.6934
63.2 33.2525
61.4 34.6607
26.5 40.3151
7.6 20.6514
17.2 39.9464
33.2 30.6988
33.6 18.2354
24.2 39.6192
2.1 49.3325
-9.6 34.7241
0.2 49.2574
26.8 43.0123
40.2 18.5738
74.5 22.9335
62.2 45.2266
5.9 25.1828
22.7 29.5647
22.1 36.0797
-3.2 44.0771
48.1 34.7416
28.5 21.5322
59.1 28.0038
55.8 17.8565
46.5 36.0601
19.1 31.7217
65.4 33.0742
51.4 36.6603
-1.7 35.0528
51 28.1171
48.9 36.6485
56.5 44.126
48.6 17.2883
44.5 33.485
27 43.646
76 42.9701
-5 19.676
59.7 40.4984
31.5 29.24
34.6 14.3384
-7.6 29.6635
38.2 24.1182
38.9 34.9634
-5.8 24.8991
61.3 49.8829
17.3 28.991
-3.2 44.8895
61 31.87
-3.6 46.6257
10.2 24.5226
27.6 26.121
45.8 32.1167
77.5 27.5024
72.9 28.3266
13.3 25.5469
-8.3 31.1789
58.7 30.8672
26.9 42.0624
36.2 43.3239
14.9 18.0107
41.4 37.5193
47.5 40.0537
72.5 29.8159
67.3 45.902
4.5 56.6578
-8 52.7065
3.4 37.2217
58.8 40.0356
17 49.1747
16.1 38.6783
72.1 24.399
46 32.1363
67.2 20.5824
74.7 25.9388
21.8 41.3006
60.1 34.6262
60.1 25.416
3.1 40.3398
46 33.3354
-8.1 31.2934
63.5 33.4445
62.2 42.3446
35.2 35.9762
-5.8 28.3782
45.5 27.7481
-8 53.3576
66.6 23.0623
10.8 35.5109
45.4 43.9376
1.9 28.8189
53.3 55.5504
6.2 47.2136
55.7 63.1544
27.9 37.784
13.9 33.5373
57.5 43.9836
56.7 42.1995
61.6 30.0693
1.6 32.9746
19.3 21.9477
21.2 42.4562
59.4 40.1988
30.7 35.3413
24.6 37.7804
54.1 14.9639
11.5 25.958
18.5 36.4347
0.3 41.0574
40.5 34.5281
9.8 27.6147
-9.9 11.2038
5.1 42.487
0.2 38.9408
34.4 49.9655
20.4 39.4692
2.6 24.0319
-3.1 10.5988
25.6 39.2307
33.9 35.1209
70.6 25.814
-9.8 19.4731
65.1 38.1536
15.8 28.1102
52.7 34.9596
30.8 50.8429
-0.3 43.9351
32.2 44.9622
53 29.9303
-6 35.1547
74.5 33.0057
35.3 45.9087
1.5 31.0635
22.8 33.6587
25.5 29.6671
58.1 37.1048
35.2 35.6293
8.2 13.8788
47.9 39.824
1.4 36.522
62.8 44.2222
17.7 42.0947
73.2 23.1387
52.5 36.4165
35.2 19.5986
61.6 23.6951
57.1 45.3959
35.7 29.1771
51.5 25.5448
7.3 52.1742
76.5 27.4317
21.6 31.4797
-0.3 28.4811
52.8 43.0465
23.5 15.3934
43 35.7885
70.6 17.0679
77.2 23.0997
-6.3 26.5325
17.9 43.9459
3.9 41.2473
67.6 32.078
77.6 25.7151
48.3 31.2165
-8.2 43.6033
31 50.7492
47.7 18.1678
36.2 36.4508
50.1 52.7314
30.1 27.6634
-9.1 41.1487
56.7 36.5324
65.5 45.2119
17.4 36.8658
6.5 40.0817
27.8 50.9568
67.9 48.8591
-8.3 29.9886
73.1 37.4702
63.1 36.8191
63.7 32.7485
3.1 35.0988
4.9 25.8683
14.4 40.3451
77.9 21.7853
61.4 24.8745
11.9 39.0677
60.8 41.9124
45.6 27.9853
-7.7 50.6195
51.5 51.7741
46.6 34.0019
21.4 30.1815
21.6 26.8193
69.1 13.3456
24.2 23.876
49.7 57.886
49 39.3992
16.2 38.6034
15.9 35.0341
6.6 31.0095
19.7 36.8764
37.1 21.9504
56.5 38.8004
39 50.0734
59 36.6692
5.9 36.3763
18.8 40.4213
70 29.4144
17.3 25.9886
13.6 27.9669
-2.3 43.0614
35.2 35.3533
11.1 34.7357
71 40.8539
71.9 44.478
42.9 16.0225
20.5 47.2172
-2.3 26.097
14.9 29.6459
73.2 32.0649
54.6 27.8005
41.6 37.4347
15 13.7092
1.5 46.1661
58.2 43.2731
3.3 29.3367
7 39.7586
17.7 26.6879
4.5 46.3111
8.4 39.233
65.5 45.9685
72.7 43.1079
49 30.9877
64.5 37.1162
3.4 41.6476
-3.3 39.6465
-3.3 43.2978
41.6 41.5532
60 43.6605
26.3 25.9148
-2.8 23.2399
15.1 58.469
44.7 45.9765
14.8 59.1959
35.8 40.6229
42.4 36.8053
58.6 23.7107
79.9 33.8898
53.4 30.9906
59.9 22.6985
34.1 30.0831
64.8 49.8016
70.2 25.7963
72.3 26.8484
78.8 47.9672
17.8 57.1532
73.2 33.5423
39.1 25.6754
2.9 32.4999
40.7 49.7606
15.3 49.617
71.5 39.2855
25.5 40.2253
21.2 40.543
22.4 36.5125
-3.5 42.8617
9.4 35.3341
21.5 51.2026
54.7 35.9749
4.3 21.3427
11 49.481
45.9 51.1092
56.2 26.0768
26.4 24.7744
-0.5 30.7768
67.2 31.8843
22.2 23.9069
16.5 44.6501
