10245
523
23578
546
10248
115
23580
23
10278
425
1028
45786
45788
10248
550
46088
23588
23423
46656
23424
63412
52323
41123
76576
12312
78768
23434
76834
23580
23
10278
13456
85662
47898
65678
45786
45788
10248
115
23580
78456
45645
46856
523
23578
546
35345
5124
21234
45346
34756
6341
52323
41123
43454
72341
2342
43455
64534
76808
7689
73453
75667
78456
56745
63412
45788
10248
115
52323
41123
43454
45769
58244
78562
41123
43454
72341
2342
43455
74512
2345
12364
234
7645
1232
7657
2346
78976
2342
56745
63412
52323
41123
7686
23423
7686
234
46856
35345
51245
2345
12364
234
6647
2342
9789
2344
78969
12312
97695
2342
9789
2344
78969
12312
97695
2342
23434
78789
35245
97689
74744
2343
63678